function [L1, L2, L3, L4,L0,m1,m2,m3,m4,I1x,I1y,I1z,I2x,I2y,I2z,I3x,I3y,I3z,I4x,I4y,I4z]=Parameters()
L0=1; %m
L1=0.3;
L2=0.8;
L3=0.6;
L4=0.4;

m1=2;
m2=1;
m3=1;
m4=0.5;

I1x=10^(-4);
I1y=10^(-4);
I1z=10^(-4);

I2x=10^(-4);
I2y=10^(-4);
I2z=10^(-4);

I3x=10^(-4);
I3y=10^(-4);
I3z=10^(-4);


I4x=10^(-4);
I4y=10^(-4);
I4z=10^(-4);


